4000629934
4092075827
2676582290
1675132174
1248703763
3065733973
2395653529
1012857293
2229690710
2988887061
2033365007
3712192677
1080080227
3786196280
2519113852
1908970362
3627616704
1307973614
1724885103
1677027110
1047166480
2758058725
1537530134
3787645791
3266417337
3439255755
3392874508
1720709587
2467743369
1712303549
2173875262
2037352743
2548016858
2553623110
3149130612
4001485179
1767029401
3641908445
1073135287
3959791121
1936427424
3114910537
2238937371
1456645616
2171500907
3687657145
2323750013
1476407231
2171084179
4094876516
3410040044
4137492229
3314423216
1151264136
3882363065
2105179667
4107685834
1179583394
1111640830
2733679088
3255053117
2949851312
3233643751